0       556.54          15007.00            0.00            0.00            0.00        0.00                0.00      
1       556.54          14425.49            581.51          75.03           656.54      581.51              75.03     
2       556.54          13841.08            584.41          72.13           1313.08     1165.92             147.16    
3       556.54          13253.74            587.34          69.21           1969.63     1753.26             216.37    
4       556.54          12663.47            590.27          66.27           2626.17     2343.53             282.64    
5       556.54          12070.24            593.22          63.32           3282.71     2936.76             345.95    
6       556.54          11474.05            596.19          60.35           3939.25     3532.95             406.31    
7       556.54          10874.88            599.17          57.37           4595.79     4132.12             463.68    
8       556.54          10272.71            602.17          54.37           5252.34     4734.29             518.05    
9       556.54          9667.54             605.18          51.36           5908.88     5339.46             569.41    
10      556.54          9059.33             608.20          48.34           6565.42     5947.67             617.75    
11      556.54          8448.09             611.25          45.30           7221.96     6558.91             663.05    
12      556.54          7833.78             614.30          42.24           7878.50     7173.22             705.29    
13      556.54          7216.41             617.37          39.17           8535.05     7790.59             744.46    
14      556.54          6595.95             620.46          36.08           9191.59     8411.05             780.54    
15      556.54          5972.39             623.56          32.98           9848.13     9034.61             813.52    
16      556.54          5345.71             626.68          29.86           10504.67    9661.29             843.38    
17      556.54          4715.90             629.81          26.73           11161.21    10291.10            870.11    
18      556.54          4082.93             632.96          23.58           11817.76    10924.07            893.69    
19      556.54          3446.81             636.13          20.41           12474.30    11560.19            914.10    
20      556.54          2807.50             639.31          17.23           13130.84    12199.50            931.34    
21      556.54          2164.99             642.50          14.04           13787.38    12842.01            945.37    
22      556.54          1519.28             645.72          10.82           14443.92    13487.72            956.20    
23      556.54          870.33              648.95          7.60            15100.47    14136.67            963.80    
24      556.54          218.14              652.19          4.35            15757.01    14788.86            968.15    
25      219.23          0.00                218.14          1.09            15976.24    15007.00            969.24    
